4
1
3
V 1
18
torch.DoubleTensor
2
1631 1
1 1
1
4
2
3
V 1
19
torch.DoubleStorage
1631
18 11 31 33 43 12 50 55 30 25 13 18 15 5 22 38 28 34 16 62 50 29 41 40 24 33 26 55 32 48 11 15 15 33 15 41 11 23 50 11 22 14 33 25 10 32 47 9 2 19 45 50 22 26 5 30 62 29 40 15 25 30 29 19 11 12 15 32 15 13 22 28 41 33 13 55 15 30 15 41 40 40 19 11 13 28 50 7 23 15 43 62 18 15 25 24 1 51 1 26 24 13 11 55 24 55 30 6 28 51 13 15 8 19 15 41 37 31 54 15 29 13 45 24 11 24 45 28 26 54 24 19 24 50 37 42 33 44 21 56 21 23 14 19 29 1 3 1 1 37 28 18 55 29 24 60 31 16 30 15 14 26 26 28 30 31 17 24 17 22 12 50 28 7 32 8 3 22 23 19 38 10 30 55 15 11 7 25 20 1 14 15 29 25 28 11 19 18 16 13 13 22 55 5 15 15 13 14 11 30 50 17 54 11 8 61 21 26 51 12 25 37 1 45 16 13 1 24 41 47 60 33 56 11 15 12 31 15 9 33 1 55 31 50 30 28 22 54 11 14 15 1 13 13 28 51 30 13 28 31 16 13 55 18 40 41 42 13 51 19 29 30 25 28 60 19 11 15 24 50 2 18 28 55 1 13 15 28 11 30 8 26 24 21 31 33 50 28 24 11 30 24 27 45 54 1 41 54 56 55 40 35 3 44 12 29 55 24 33 45 14 50 13 4 19 19 24 53 24 51 1 30 30 33 17 25 15 4 25 35 1 35 13 30 60 31 58 50 24 26 22 29 24 60 30 12 3 45 22 24 13 28 20 50 18 55 23 13 26 30 31 15 18 14 11 38 11 19 61 31 13 13 23 40 30 58 55 26 30 13 55 15 30 28 18 15 11 13 11 33 29 13 26 15 40 61 13 24 30 11 60 28 30 24 19 37 24 51 19 35 50 17 28 51 45 1 17 11 1 54 14 11 15 15 8 7 41 11 50 2 22 11 11 19 58 13 50 28 14 19 18 13 13 24 35 55 13 40 19 13 19 13 15 12 13 11 51 22 23 15 50 13 26 30 13 36 15 17 19 15 18 50 17 19 1 13 50 24 50 31 31 47 13 40 22 25 31 28 4 21 31 2 10 60 11 38 38 26 11 25 35 43 55 22 15 25 13 11 35 56 13 29 5 19 43 33 1 13 29 1 29 15 13 19 30 13 34 55 13 15 17 50 6 5 37 19 54 17 22 20 11 25 41 18 13 37 55 15 23 41 15 45 6 45 14 54 37 51 32 53 13 51 15 23 22 26 22 29 19 32 15 44 15 13 22 29 14 15 30 19 12 35 29 15 6 23 19 55 26 33 14 35 3 51 11 50 18 43 28 14 15 17 50 50 11 1 11 55 2 2 19 13 1 55 5 4 13 24 3 11 11 19 51 50 21 13 47 18 41 50 28 37 25 24 25 1 17 13 13 19 35 29 19 19 13 56 9 17 33 18 51 12 24 33 16 55 13 1 51 11 32 11 13 25 6 28 61 51 34 23 11 30 55 19 29 54 31 11 30 13 11 56 50 31 37 13 28 11 11 40 43 62 17 34 28 19 15 35 30 43 19 11 15 28 15 37 2 15 11 22 17 44 1 24 37 11 54 48 15 4 22 50 33 11 23 15 33 51 37 26 50 25 41 13 57 20 24 38 30 11 50 51 50 16 10 15 19 3 14 24 41 12 11 54 41 29 58 26 1 12 24 15 11 50 19 13 50 28 37 55 41 30 13 18 15 24 26 13 11 4 30 13 40 19 11 6 20 56 53 7 29 9 11 30 35 28 13 51 54 56 40 50 28 53 19 55 24 25 29 37 15 5 28 26 13 50 41 23 18 17 30 13 50 26 29 25 22 50 28 37 11 25 15 13 14 25 11 24 19 34 20 2 28 19 11 12 41 55 13 29 22 55 25 19 4 9 39 13 24 28 60 32 60 22 11 13 19 13 11 1 18 41 44 60 12 13 28 15 11 8 28 54 51 54 26 15 2 29 9 14 28 45 11 37 24 13 21 28 25 50 21 2 26 55 36 11 30 13 11 50 56 15 1 15 13 13 14 21 60 13 11 54 32 18 13 18 11 23 25 19 31 11 19 18 21 18 56 18 24 8 58 11 28 50 51 28 50 40 1 30 25 51 15 26 28 12 19 47 40 30 15 22 59 55 25 23 15 1 14 15 19 28 15 41 1 41 28 50 45 35 18 31 51 50 33 13 14 8 15 13 41 7 15 1 52 56 15 32 13 19 22 28 13 54 24 56 17 13 19 15 1 55 1 19 51 25 25 11 50 45 11 18 12 19 17 13 54 43 41 56 3 41 30 13 5 13 31 60 8 55 42 33 20 1 11 13 32 1 15 50 19 15 14 14 37 22 18 26 26 1 50 29 54 22 24 50 18 29 24 39 1 12 1 36 45 57 30 30 28 23 24 24 3 41 11 19 13 18 7 56 30 13 35 28 3 22 15 5 32 11 54 15 13 28 11 8 41 14 24 29 11 1 26 11 22 56 25 56 15 48 56 21 11 9 1 1 29 25 13 35 28 13 7 13 15 12 36 22 52 21 11 60 59 36 19 15 14 58 35 29 12 51 50 50 11 30 13 11 7 29 13 11 30 54 24 51 15 15 31 15 26 13 1 13 30 28 26 29 37 8 19 55 1 11 6 23 22 23 18 55 11 37 30 13 60 23 28 1 1 42 41 55 22 28 40 19 30 15 33 55 21 25 12 11 13 29 22 41 13 25 1 13 19 18 28 57 29 51 40 11 29 11 19 54 6 38 33 55 24 28 28 30 17 41 50 1 28 20 10 6 50 40 13 60 16 32 50 24 30 18 3 50 14 28 11 28 23 55 1 11 2 12 13 19 33 25 12 35 22 40 43 19 41 11 7 13 9 1 50 40 13 30 51 55 46 25 30 14 28 28 34 12 30 23 28 55 12 1 51 17 41 56 15 21 30 23 13 55 32 13 28 11 19 21 40 37 14 15 53 29 1 23 15 60 55 50 14 13 23 26 25 31 19 5 11 31 11 11 13 11 3 22 54 21 11 15 1 22 54 54 29 1 28 22 13 23 29 54 53 13 31 11 30 19 43 11 26 11 13 55 13 11 47 11 15 56 13 54 15 7 28 17 55 26 13 13 12 11 60 36 4 11 11 13 13 13 14 17 50 19 14 1 13 6 12 14 4 11 14 18 15 13 23 28 19 13 24 53 32 40 23 25 3 28 19 29 25 13 25 31 13 37 11 45 27 14 15 13 51 47 25 21 25 19 45 40 19 1 28 19 13 19 60 24 28 1 51 28 28 41 42 41 45 11 19 41 13 28 26 55 54 28 24 26 15 29 36 1 1 15 1 56 1 61 32 57 16 13 20 13 51 13 56 18 13 2 28 28 41 13 1 56 22 11 13 41 50 19 50 15 11 26 18 12 1 19 6 11 15 19 44 11 30 22 28 24 11 19 24 60 22 36 13 41 50 56 13 24 11 19 37 30 30 4 54 10 29 24 29 36 56 55 41 15 28 10 13 15 50 30 15 12 40 12 19 23 15 50 19 22 19 1 13 19 11 53 30 40 23 24 49 45 28 30 41 15 24 30 15 55 39 50 13 45 26 13 15 18 51 41 22 33 40 22 29 19 11 30 19 18 29
4
3
3
V 1
18
torch.DoubleTensor
2
1631 1
1 1
1
4
4
3
V 1
19
torch.DoubleStorage
1631
18 11 57 33 43 12 50 29 30 51 13 34 15 5 22 38 28 34 16 62 30 29 41 40 24 23 26 43 32 19 11 15 15 59 15 41 25 23 49 11 22 14 57 25 10 32 15 28 28 48 45 50 22 28 11 30 56 29 40 15 1 30 55 19 11 12 15 32 15 13 22 28 41 30 13 29 15 19 29 41 14 1 36 11 13 21 18 7 24 36 43 37 18 15 25 24 25 51 26 26 24 13 11 55 24 29 30 55 36 25 13 41 8 19 15 41 37 31 54 15 55 13 45 24 11 24 45 28 26 54 24 19 24 50 37 45 59 44 21 56 21 33 14 53 29 25 3 53 25 37 28 18 29 29 24 56 19 16 30 15 14 26 26 28 30 31 17 24 17 22 12 50 28 7 27 8 3 22 23 19 41 10 19 55 15 11 7 37 20 25 46 15 55 1 28 11 20 18 16 13 13 22 29 5 15 15 17 14 11 30 50 17 54 11 2 61 21 26 51 12 25 37 13 45 16 39 51 24 41 21 60 33 56 11 15 12 31 15 9 51 25 29 31 50 30 28 22 54 11 14 15 1 13 37 28 17 30 13 28 31 16 13 53 18 51 41 42 13 25 19 29 30 25 28 34 19 11 52 24 20 2 33 28 29 41 13 15 28 11 30 8 26 24 21 31 33 50 28 24 11 30 24 27 45 54 51 41 54 56 29 49 58 3 44 12 29 55 24 32 46 14 52 13 4 24 19 24 53 24 24 25 30 30 59 17 25 15 4 1 35 25 35 13 30 20 57 58 50 24 26 22 22 24 34 30 12 3 45 22 24 13 28 20 31 18 29 18 13 52 30 31 15 23 14 11 38 11 19 62 57 13 13 23 45 30 32 53 26 30 41 17 15 30 28 18 15 11 41 11 19 29 13 26 15 20 61 13 24 30 11 2 45 30 24 8 37 24 51 19 35 23 17 28 25 45 25 17 37 25 16 14 11 17 15 46 29 41 11 50 2 22 11 11 25 58 25 50 28 14 19 18 39 41 24 21 29 13 57 32 39 19 17 15 12 13 11 25 22 33 15 49 13 28 30 13 36 52 17 24 15 44 49 17 48 25 13 45 24 49 22 31 47 13 40 22 51 32 28 4 21 31 2 10 34 11 38 38 26 11 51 35 29 29 22 15 1 13 11 35 56 13 4 5 48 43 33 25 13 55 25 29 15 13 19 30 13 34 29 13 15 17 24 6 5 37 14 42 17 22 20 11 25 41 18 13 37 29 15 23 41 15 45 6 45 14 54 37 13 32 5 39 14 15 23 22 26 22 29 48 35 12 44 29 13 19 29 14 15 30 19 12 35 29 15 6 23 54 55 52 33 14 47 3 25 11 25 18 61 28 14 15 17 30 50 11 25 11 55 2 2 19 25 1 29 11 4 39 24 3 11 11 19 25 49 21 13 47 18 41 20 28 37 25 24 25 19 17 13 39 19 35 29 19 46 13 56 9 17 33 18 25 28 24 23 16 29 13 1 10 11 58 11 13 25 6 28 61 14 34 18 11 42 29 19 29 54 31 11 30 13 11 56 50 25 37 41 28 11 11 15 4 62 17 34 28 48 15 35 30 43 19 11 15 28 15 37 2 15 11 22 17 44 25 24 37 11 54 48 16 29 22 50 59 11 24 15 24 25 37 26 24 51 37 13 19 3 24 38 30 11 50 25 30 16 10 15 18 3 38 24 41 11 11 54 41 29 32 12 41 12 24 15 11 50 19 13 50 28 37 55 41 19 17 18 6 24 52 13 11 4 42 51 20 19 11 6 30 45 37 7 29 4 11 30 35 28 13 51 54 30 40 50 28 53 48 29 24 25 29 37 15 5 28 26 13 24 41 23 18 17 30 13 24 26 55 25 22 50 28 37 11 25 15 39 14 25 24 24 19 34 31 2 28 19 11 29 41 29 13 29 36 29 25 19 4 9 41 13 24 28 34 32 60 22 11 41 19 56 11 39 18 41 44 46 38 13 28 15 11 8 28 54 1 54 26 15 2 29 9 14 28 45 11 37 24 13 21 28 59 24 21 2 26 29 36 11 30 13 11 50 56 16 51 15 13 13 14 21 60 39 11 54 35 18 13 18 11 23 51 19 27 11 19 18 21 18 30 18 24 8 58 11 28 50 51 28 45 62 51 30 25 14 15 26 28 17 19 47 20 30 15 22 2 29 25 23 15 51 14 15 19 28 15 41 25 25 28 23 45 35 18 31 1 23 33 13 14 8 15 13 41 7 15 1 52 36 15 32 13 19 22 28 13 54 24 56 17 13 30 15 25 55 1 19 25 25 41 11 24 45 11 18 12 19 7 13 54 27 41 56 3 51 30 13 5 13 57 34 8 55 54 59 48 25 11 13 32 51 15 11 26 15 14 20 37 22 18 26 26 53 44 11 2 22 24 50 18 29 24 44 14 12 51 62 62 31 30 20 28 23 24 24 36 41 11 19 13 18 7 17 30 17 58 28 3 22 15 5 32 11 54 15 13 28 11 8 41 14 24 29 11 25 26 11 22 56 25 56 15 48 56 47 11 9 25 1 29 25 13 35 28 13 7 13 15 12 3 22 61 21 11 34 59 3 19 15 14 32 35 29 12 43 50 50 11 30 13 11 7 61 13 11 30 54 24 25 29 24 31 15 26 39 1 23 30 28 26 29 37 8 22 55 19 11 6 23 22 23 18 29 11 37 30 13 60 23 28 1 1 42 41 29 22 28 14 19 30 15 59 29 21 25 9 11 13 29 22 41 13 25 25 13 19 18 28 57 29 51 40 11 55 11 19 16 6 38 33 9 24 28 28 30 39 41 50 51 28 20 29 6 50 31 39 60 16 32 14 24 30 18 37 49 14 28 24 28 23 29 10 11 2 28 13 33 42 51 12 16 19 40 43 46 37 11 7 13 12 25 49 20 13 30 25 29 46 25 30 14 16 28 61 12 45 23 5 29 55 37 1 6 41 56 15 21 56 23 26 29 58 13 28 11 60 21 40 37 14 54 53 29 13 23 15 34 29 23 14 13 23 26 25 31 48 5 11 31 11 11 13 11 3 33 54 21 18 15 25 22 54 54 55 1 28 22 13 23 29 54 53 13 31 11 30 45 43 11 28 11 13 55 42 11 47 11 15 56 13 26 15 7 28 17 55 26 13 13 12 11 56 36 7 11 11 13 13 13 14 17 50 19 14 25 13 6 12 14 6 11 14 18 15 13 23 28 19 13 24 53 32 25 23 25 3 28 19 29 51 25 51 57 41 37 10 45 27 14 15 7 25 47 25 21 25 19 1 20 19 51 28 19 13 45 34 24 28 25 51 28 28 41 42 41 45 11 24 17 55 28 26 55 54 44 24 26 15 55 36 51 1 15 25 56 25 34 32 57 16 13 20 39 25 13 56 18 13 30 28 28 41 13 1 56 22 11 25 41 50 19 15 15 11 26 18 15 27 19 6 11 15 19 44 11 30 22 28 24 11 19 24 60 22 62 13 41 14 2 13 24 11 48 37 30 30 4 61 27 55 24 29 36 56 29 41 15 28 29 13 15 49 30 15 12 40 12 48 61 15 19 22 22 45 25 13 19 11 53 30 40 23 24 18 16 28 30 41 15 24 30 15 55 13 44 13 45 52 13 15 18 51 2 22 33 40 22 29 19 11 30 45 18 34
